<number of products>
4

<product cycle>
1 3
2 8
3 3
4 9

<number of workstations>
30

<station length>
14 16 15 18 14 17 10 12 22 16 20 14 10 18 15 10 14 10 13 13 18 17 11 20 19 11 21 17 21 21
<working hours>
1 8 11 6 6 12 8 6 5 10 10 10 14 7 16 15 7 11 5 10 13 5 17 8 9 8 6 15 13 5 10
2 14 14 7 11 11 10 6 6 6 13 8 9 7 18 5 5 11 7 10 9 10 6 11 14 18 7 8 7 9 18
3 12 16 8 5 6 17 10 12 22 10 14 7 10 14 8 8 12 8 6 6 8 6 7 8 6 7 21 6 20 9
4 8 14 7 10 7 5 6 12 20 8 11 7 6 13 13 6 9 9 11 7 9 14 10 5 9 11 21 12 12 17

<product switching cost>
1,1 0
1,2 3
1,3 6
1,4 3
2,1 7
2,2 0
2,3 6
2,4 7
3,1 6
3,2 11
3,3 0
3,4 6
4,1 9
4,2 9
4,3 6
4,4 0

<number of parts>
16

<optional frequency>
2 5
1 3
1 3
1 3
2 4
1 4
1 4
1 3
3 5
2 3
1 4
1 4
3 4
4 5
2 4
1 3

<product assembly parts>
4 0 6 8 4 1 6 5 0 3 5 0 6 2 8 1
4 0 8 7 0 4 2 2 5 7 2 2 7 3 0 6
0 7 7 0 2 1 0 6 4 1 1 6 3 8 6 3
1 0 0 0 0 1 3 8 3 6 4 6 1 1 1 6
