<number of products>
4

<product cycle>
1 5
2 2
3 7
4 5

<number of workstations>
29

<station length>
21 10 12 14 21 21 9 14 16 10 19 15 17 9 10 22 9 12 12 21 12 10 22 21 15 17 19 20 14
<working hours>
1 5 8 8 14 9 17 7 12 16 8 7 5 16 8 9 13 8 12 6 6 8 9 18 8 7 16 14 6 13
2 13 9 9 9 15 16 5 12 5 5 9 10 12 7 7 10 9 7 5 11 6 5 9 19 6 14 7 12 6
3 8 10 6 7 7 7 8 10 5 5 7 10 5 8 10 13 5 9 7 11 7 6 6 11 7 13 9 14 14
4 13 10 7 8 7 16 6 13 9 7 8 10 14 7 10 19 8 7 7 12 5 5 16 13 9 8 9 14 10

<product switching cost>
1,1 0
1,2 4
1,3 5
1,4 6
2,1 4
2,2 0
2,3 7
2,4 3
3,1 12
3,2 6
3,3 0
3,4 12
4,1 5
4,2 3
4,3 11
4,4 0

<number of parts>
12

<optional frequency>
1 4
1 3
1 5
1 3
1 4
2 3
2 3
2 3
2 3
1 3
3 5
1 5

<product assembly parts>
0 0 6 0 8 0 5 7 0 6 6 1
5 3 2 0 2 8 5 0 0 5 2 5
7 7 1 0 0 7 0 0 5 0 6 4
1 0 4 5 8 5 1 8 7 0 4 0
