<number of products>
4

<product cycle>
1 8
2 1
3 3
4 6

<number of workstations>
26

<station length>
9 18 15 15 19 14 12 13 11 18 22 17 10 15 22 15 9 17 19 21 21 20 9 19 12 16
<working hours>
1 9 6 9 12 10 6 5 10 10 16 14 9 10 12 11 12 8 5 11 18 10 17 5 9 10 11
2 8 5 10 9 19 14 12 12 11 17 20 5 5 10 14 12 8 9 15 10 7 18 9 16 8 14
3 9 11 8 8 10 7 10 10 8 15 15 10 7 15 18 7 8 16 7 7 19 14 6 13 7 7
4 5 6 8 6 10 7 10 5 9 6 22 7 6 12 12 9 7 10 5 15 6 14 8 17 6 9

<product switching cost>
1,1 0
1,2 4
1,3 12
1,4 9
2,1 12
2,2 0
2,3 6
2,4 5
3,1 8
3,2 12
3,3 0
3,4 11
4,1 4
4,2 12
4,3 5
4,4 0

<number of parts>
15

<optional frequency>
2 3
1 4
3 4
2 3
2 3
1 5
2 4
1 4
2 3
2 5
2 3
1 3
4 5
3 4
2 3

<product assembly parts>
8 7 3 4 0 0 1 6 7 0 0 6 2 2 3
0 5 6 6 8 5 5 4 4 2 4 5 2 0 1
0 1 4 7 5 0 0 0 0 0 4 7 2 0 1
4 0 0 2 7 7 8 7 4 8 4 0 3 2 4
