<number of products>
4

<product cycle>
1 3
2 3
3 5
4 4

<number of workstations>
21

<station length>
19 12 16 11 14 19 12 13 21 16 11 21 21 17 18 18 19 10 21 9 14
<working hours>
1 16 8 15 7 7 12 12 13 15 8 8 15 10 9 10 6 8 5 20 9 14
2 7 6 14 5 9 13 11 5 13 13 7 14 17 9 10 13 19 5 11 9 14
3 10 8 11 9 9 14 9 6 14 10 6 17 17 13 15 5 9 7 15 6 12
4 14 9 14 5 13 8 10 8 5 8 5 20 6 8 15 10 6 9 16 8 13

<product switching cost>
1,1 0
1,2 8
1,3 10
1,4 8
2,1 4
2,2 0
2,3 12
2,4 4
3,1 10
3,2 3
3,3 0
3,4 10
4,1 8
4,2 4
4,3 5
4,4 0

<number of parts>
15

<optional frequency>
2 3
1 4
2 3
2 3
1 3
2 4
1 5
1 4
2 4
1 5
1 3
1 3
2 3
1 3
3 4

<product assembly parts>
0 7 6 7 4 2 0 5 5 3 0 8 0 3 0
0 6 0 0 1 0 7 1 3 8 5 8 3 4 3
0 5 3 5 7 2 0 6 1 0 1 0 0 0 0
1 0 6 3 3 7 0 0 6 3 0 0 0 6 2
