<number of products>
4

<product cycle>
1 1
2 7
3 4
4 5

<number of workstations>
20

<station length>
10 12 11 17 15 12 17 18 12 12 16 9 17 14 19 18 9 16 14 20
<working hours>
1 9 9 10 17 13 6 11 7 7 8 12 5 10 11 7 10 5 6 11 15
2 10 10 10 7 6 12 17 5 9 10 5 7 13 10 16 8 8 10 13 7
3 6 8 9 7 8 6 6 16 8 12 16 7 13 11 16 9 8 15 13 5
4 9 10 8 10 6 11 13 15 11 10 13 8 5 5 18 13 7 14 6 20

<product switching cost>
1,1 0
1,2 8
1,3 4
1,4 3
2,1 6
2,2 0
2,3 11
2,4 3
3,1 12
3,2 4
3,3 0
3,4 8
4,1 6
4,2 5
4,3 11
4,4 0

<number of parts>
12

<optional frequency>
1 3
1 3
2 3
1 4
4 5
2 3
2 4
2 4
4 5
2 3
3 5
1 3

<product assembly parts>
1 6 0 0 3 0 7 7 2 0 0 5
2 2 6 7 3 8 8 4 7 1 3 0
1 6 3 7 5 0 7 3 4 2 7 6
6 0 4 6 0 0 0 2 7 4 7 0
