<number of products>
4

<product cycle>
1 5
2 1
3 6
4 4

<number of workstations>
23

<station length>
17 17 13 14 12 18 16 9 21 15 11 11 13 19 17 16 21 14 14 18 14 9 11
<working hours>
1 13 8 6 11 12 10 6 8 15 7 7 5 12 7 6 8 19 11 13 10 8 9 6
2 15 16 12 12 9 8 13 5 10 9 7 11 13 19 7 10 16 10 6 17 9 5 10
3 14 8 7 9 8 7 14 6 14 6 6 11 8 12 17 13 18 10 12 13 7 8 9
4 12 14 10 10 7 16 5 5 16 6 7 7 13 8 9 7 17 5 13 8 6 9 6

<product switching cost>
1,1 0
1,2 11
1,3 3
1,4 6
2,1 11
2,2 0
2,3 3
2,4 11
3,1 5
3,2 8
3,3 0
3,4 8
4,1 6
4,2 10
4,3 9
4,4 0

<number of parts>
15

<optional frequency>
2 3
1 4
2 4
2 3
2 5
2 4
2 3
2 5
2 3
2 5
3 5
2 5
3 4
2 3
1 5

<product assembly parts>
6 6 0 0 7 1 0 1 8 0 3 5 0 3 0
1 3 0 1 6 7 4 0 6 5 7 7 8 3 6
0 2 3 0 0 0 7 5 6 0 7 0 0 0 4
1 0 3 3 2 0 0 3 2 1 2 5 3 0 5
