<number of products>
4

<product cycle>
1 1
2 7
3 9
4 4

<number of workstations>
30

<station length>
9 12 16 14 16 17 21 12 21 16 19 21 15 21 14 20 20 19 17 9 19 17 19 20 10 16 21 15 11 11
<working hours>
1 7 9 7 8 8 7 16 5 7 5 11 9 7 14 11 18 5 11 5 8 17 12 9 10 7 13 12 14 11 7
2 7 12 11 14 16 16 21 9 11 8 12 16 6 14 7 7 16 16 13 7 11 17 12 8 5 16 9 15 5 11
3 8 7 8 9 7 7 16 8 16 5 5 20 7 7 5 5 17 8 10 8 12 15 12 14 10 14 16 11 9 10
4 9 5 9 9 13 7 12 7 16 15 8 13 7 10 7 11 14 5 7 6 8 5 16 12 9 8 19 13 11 8

<product switching cost>
1,1 0
1,2 10
1,3 12
1,4 12
2,1 7
2,2 0
2,3 12
2,4 4
3,1 4
3,2 5
3,3 0
3,4 11
4,1 10
4,2 7
4,3 5
4,4 0

<number of parts>
15

<optional frequency>
3 4
1 5
2 4
2 5
2 4
2 3
4 5
1 5
4 5
1 4
2 5
1 3
2 3
2 4
2 4

<product assembly parts>
3 0 0 4 0 4 0 0 0 5 3 8 0 0 2
4 5 0 0 6 2 0 8 3 5 6 3 2 6 2
1 0 2 0 2 4 0 0 2 0 0 1 5 2 0
3 2 2 5 0 0 2 1 0 5 3 3 0 0 3
