<number of products>
4

<product cycle>
1 7
2 6
3 4
4 6

<number of workstations>
21

<station length>
12 22 9 11 18 9 10 18 11 19 15 14 17 18 13 17 14 13 22 16 14
<working hours>
1 7 7 7 11 6 6 10 8 10 12 8 9 7 5 5 16 7 9 13 16 12
2 12 11 9 11 9 7 7 10 9 19 13 14 7 11 13 16 14 9 17 13 13
3 8 19 5 9 5 6 10 8 6 16 14 13 10 9 6 8 7 11 11 14 5
4 10 6 6 10 5 9 10 13 9 17 12 14 7 16 5 9 10 7 22 7 11

<product switching cost>
1,1 0
1,2 6
1,3 5
1,4 6
2,1 4
2,2 0
2,3 11
2,4 6
3,1 12
3,2 7
3,3 0
3,4 4
4,1 10
4,2 5
4,3 8
4,4 0

<number of parts>
16

<optional frequency>
4 5
4 5
1 5
4 5
2 4
1 4
2 3
3 5
1 5
2 4
3 5
3 4
3 4
1 3
1 5
1 3

<product assembly parts>
1 0 8 1 6 0 0 5 5 1 3 0 0 5 3 3
4 8 6 3 0 4 0 3 3 1 7 4 2 1 7 5
6 6 7 2 0 4 0 0 7 0 1 6 4 0 0 0
0 0 0 1 2 0 0 0 1 2 6 5 3 5 1 0
