<number of products>
4

<product cycle>
1 1
2 9
3 6
4 1

<number of workstations>
26

<station length>
11 14 11 12 12 15 18 17 15 12 15 9 15 14 9 15 10 9 16 13 17 9 10 20 11 14
<working hours>
1 11 5 6 10 12 15 6 16 11 12 12 8 13 7 6 15 8 6 5 7 17 7 8 20 9 10
2 10 14 6 5 5 7 15 9 15 5 7 8 7 8 8 10 10 8 15 12 13 7 6 11 5 9
3 11 8 7 6 11 14 16 14 12 5 11 7 12 7 7 9 5 5 12 9 7 7 10 9 10 7
4 8 7 5 6 8 8 18 10 9 11 15 7 12 14 6 8 10 9 7 12 8 7 7 6 7 8

<product switching cost>
1,1 0
1,2 9
1,3 6
1,4 3
2,1 9
2,2 0
2,3 8
2,4 9
3,1 10
3,2 9
3,3 0
3,4 3
4,1 8
4,2 12
4,3 7
4,4 0

<number of parts>
14

<optional frequency>
3 4
2 5
1 4
3 4
2 3
1 3
2 4
3 4
3 5
2 3
1 3
4 5
3 5
3 4

<product assembly parts>
0 8 0 2 2 8 1 5 6 1 8 2 3 4
3 4 1 0 0 0 8 0 6 0 5 3 0 3
2 1 2 0 0 2 3 0 2 1 0 0 1 0
0 3 0 2 8 0 0 1 5 5 0 2 2 7
