<number of products>
4

<product cycle>
1 4
2 2
3 4
4 5

<number of workstations>
26

<station length>
17 10 19 10 10 9 12 11 16 10 21 16 12 19 11 12 20 11 18 10 12 22 17 9 10 16
<working hours>
1 15 10 9 9 10 9 12 5 5 5 16 14 7 7 8 10 8 6 15 5 9 12 15 9 10 11
2 14 7 5 8 8 7 5 10 5 9 13 5 9 19 6 10 17 9 11 5 10 22 9 9 7 10
3 6 7 15 7 9 9 6 10 9 10 6 5 5 14 6 6 5 8 14 8 12 9 16 9 5 7
4 16 10 9 9 10 8 11 6 6 10 15 6 9 18 11 6 6 8 6 6 7 14 5 8 10 8

<product switching cost>
1,1 0
1,2 12
1,3 3
1,4 7
2,1 12
2,2 0
2,3 8
2,4 6
3,1 7
3,2 11
3,3 0
3,4 8
4,1 10
4,2 6
4,3 4
4,4 0

<number of parts>
15

<optional frequency>
2 4
3 4
3 5
1 3
3 5
2 5
2 4
1 3
2 3
2 3
3 4
3 4
2 3
2 4
2 3

<product assembly parts>
8 8 1 0 6 6 1 4 3 5 1 1 7 7 0
0 0 0 2 8 0 1 0 0 0 3 4 5 4 1
8 2 8 6 0 2 7 0 3 3 1 6 0 0 6
0 8 8 0 6 3 0 0 0 0 1 3 8 7 3
