<number of products>
4

<product cycle>
1 8
2 5
3 7
4 8

<number of workstations>
20

<station length>
17 11 9 18 18 11 14 21 22 19 15 17 12 17 12 10 13 17 17 10
<working hours>
1 13 6 8 10 6 5 12 16 13 14 12 11 7 16 6 10 7 16 10 10
2 16 7 6 13 18 8 6 8 9 5 6 15 7 8 12 9 13 10 6 9
3 5 6 6 16 14 5 5 10 11 5 10 13 5 12 7 5 11 10 14 10
4 16 7 5 13 16 8 5 8 19 15 15 12 8 12 7 7 11 6 12 9

<product switching cost>
1,1 0
1,2 3
1,3 4
1,4 10
2,1 10
2,2 0
2,3 12
2,4 3
3,1 11
3,2 5
3,3 0
3,4 10
4,1 10
4,2 4
4,3 9
4,4 0

<number of parts>
13

<optional frequency>
4 5
4 5
2 3
4 5
3 4
1 3
2 5
4 5
1 3
2 3
1 4
3 4
1 4

<product assembly parts>
4 0 5 0 2 3 6 5 2 5 7 0 0
3 6 6 1 0 0 6 0 3 1 8 2 0
0 2 0 1 2 0 7 7 3 1 0 0 1
6 2 0 1 1 0 0 7 0 3 0 3 0
