<number of products>
4

<product cycle>
1 2
2 1
3 1
4 3

<number of workstations>
17

<station length>
16 12 10 12 10 16 15 11 18 13 20 13 12 17 17 17 12
<working hours>
1 15 6 9 11 6 7 11 11 11 6 13 6 8 14 15 13 10
2 12 12 7 5 6 11 6 11 14 11 17 12 10 17 16 8 12
3 9 5 5 10 7 15 11 8 18 6 5 7 9 5 11 14 12
4 10 7 5 5 10 13 7 5 15 5 14 7 5 16 14 14 12

<product switching cost>
1,1 0
1,2 9
1,3 9
1,4 12
2,1 12
2,2 0
2,3 9
2,4 6
3,1 4
3,2 12
3,3 0
3,4 12
4,1 5
4,2 6
4,3 7
4,4 0

<number of parts>
16

<optional frequency>
1 3
2 3
2 3
4 5
2 4
2 3
2 3
4 5
2 4
4 5
2 3
3 4
2 3
1 3
1 4
3 5

<product assembly parts>
7 2 3 0 8 8 7 6 4 2 0 2 3 5 6 0
0 0 3 2 0 0 6 2 7 8 3 0 4 7 0 0
6 0 5 7 1 0 7 4 7 4 0 2 2 2 0 0
3 8 3 4 6 3 0 5 3 7 0 8 4 3 4 3
