<number of products>
4

<product cycle>
1 6
2 8
3 2
4 2

<number of workstations>
25

<station length>
9 14 15 14 11 12 10 13 10 11 10 18 22 11 20 11 20 17 15 13 9 22 14 18 19
<working hours>
1 8 12 8 13 7 12 7 5 9 9 7 16 15 6 13 10 17 5 5 11 8 6 6 18 15
2 8 10 15 11 8 11 7 8 8 10 5 10 14 10 16 7 15 11 6 8 8 13 8 6 11
3 7 12 10 12 5 10 6 12 5 6 6 14 14 7 5 11 6 7 10 6 8 16 5 12 13
4 8 13 11 5 6 9 6 10 5 9 7 10 22 6 11 11 12 12 9 5 9 18 11 14 17

<product switching cost>
1,1 0
1,2 4
1,3 3
1,4 7
2,1 11
2,2 0
2,3 9
2,4 12
3,1 10
3,2 7
3,3 0
3,4 9
4,1 4
4,2 7
4,3 6
4,4 0

<number of parts>
13

<optional frequency>
4 5
2 3
3 4
1 3
2 3
1 5
2 4
3 4
2 3
1 3
2 3
1 3
2 3

<product assembly parts>
7 0 3 5 1 0 0 0 0 3 3 0 5
1 0 4 5 0 8 0 2 7 7 2 7 8
5 0 0 0 7 8 5 0 0 2 6 0 7
0 3 4 0 1 0 3 1 0 0 0 3 0
