<number of products>
4

<product cycle>
1 4
2 8
3 5
4 8

<number of workstations>
20

<station length>
22 10 18 17 10 16 19 22 16 20 22 13 16 10 11 19 21 14 17 19
<working hours>
1 22 5 8 6 5 16 14 7 6 7 14 13 6 10 8 8 8 9 17 6
2 10 10 7 14 5 10 9 20 7 7 13 12 9 7 5 15 5 14 15 10
3 7 6 12 6 5 12 11 15 9 20 6 11 13 8 8 14 16 9 9 17
4 14 8 11 11 5 9 12 14 16 13 15 8 8 9 8 10 15 9 10 10

<product switching cost>
1,1 0
1,2 10
1,3 3
1,4 7
2,1 8
2,2 0
2,3 12
2,4 4
3,1 6
3,2 7
3,3 0
3,4 4
4,1 8
4,2 3
4,3 5
4,4 0

<number of parts>
16

<optional frequency>
2 3
2 5
1 3
1 3
4 5
2 3
2 3
2 4
1 4
1 5
2 5
1 3
3 4
1 4
3 5
3 4

<product assembly parts>
0 0 0 7 6 8 0 2 8 0 2 0 0 1 6 7
8 0 0 2 3 8 8 6 2 0 0 8 8 0 1 0
2 6 1 0 0 0 5 7 0 0 7 6 0 5 5 8
7 0 5 1 6 2 2 6 4 0 4 2 0 0 0 5
