<number of products>
4

<product cycle>
1 6
2 6
3 8
4 1

<number of workstations>
23

<station length>
9 9 14 21 18 9 16 21 18 20 13 20 16 10 18 11 13 18 13 12 15 19 13
<working hours>
1 9 9 7 12 14 6 12 9 17 9 10 8 9 8 9 10 7 16 11 5 15 11 10
2 8 5 9 8 18 6 7 16 13 18 10 13 5 10 14 8 9 6 5 8 15 9 8
3 5 6 9 6 10 9 14 8 8 14 11 5 14 9 10 8 7 14 13 11 7 9 12
4 5 8 7 18 17 8 12 12 10 20 13 8 15 5 14 5 9 6 10 12 9 14 7

<product switching cost>
1,1 0
1,2 8
1,3 3
1,4 6
2,1 4
2,2 0
2,3 4
2,4 8
3,1 3
3,2 8
3,3 0
3,4 12
4,1 10
4,2 7
4,3 3
4,4 0

<number of parts>
14

<optional frequency>
1 5
2 3
1 5
1 4
2 5
1 4
2 4
2 3
2 3
1 3
2 4
1 4
2 5
3 5

<product assembly parts>
4 7 0 2 4 0 5 7 2 0 0 8 0 0
7 4 0 6 4 0 8 6 7 0 0 3 0 6
8 1 0 7 4 0 5 8 8 8 0 5 6 0
8 0 0 0 3 0 8 5 5 0 0 1 7 1
