<number of products>
4

<product cycle>
1 3
2 4
3 9
4 9

<number of workstations>
22

<station length>
11 9 9 19 12 11 9 12 12 10 19 15 18 14 15 16 16 22 12 17 10 18
<working hours>
1 7 9 9 5 11 11 5 11 5 10 13 6 16 5 12 13 14 8 11 10 8 16
2 10 9 9 14 10 8 8 9 11 10 14 15 12 9 6 7 9 13 9 17 8 17
3 5 9 9 7 6 7 9 8 7 7 6 13 10 11 7 16 7 15 7 16 9 13
4 8 7 9 18 8 6 7 5 10 8 7 13 17 12 8 9 16 19 7 16 6 9

<product switching cost>
1,1 0
1,2 5
1,3 10
1,4 9
2,1 12
2,2 0
2,3 10
2,4 12
3,1 12
3,2 8
3,3 0
3,4 8
4,1 12
4,2 12
4,3 9
4,4 0

<number of parts>
12

<optional frequency>
3 4
4 5
1 3
1 3
3 4
2 3
4 5
2 5
1 3
1 3
1 5
2 3

<product assembly parts>
2 8 0 6 1 7 4 7 0 7 0 0
0 6 0 4 4 6 0 8 5 1 0 8
6 8 2 7 0 3 4 3 0 7 7 7
1 3 7 0 0 3 1 5 4 0 4 0
