<number of products>
4

<product cycle>
1 1
2 3
3 4
4 2

<number of workstations>
24

<station length>
11 22 14 11 10 15 16 13 21 19 12 21 9 20 19 18 21 19 21 16 15 9 16 10
<working hours>
1 5 18 14 11 6 14 8 11 16 14 9 7 9 19 5 18 11 18 16 11 13 5 6 6
2 5 17 9 7 9 15 11 9 14 13 11 6 7 13 19 15 17 13 13 16 15 8 5 5
3 8 19 7 6 5 5 10 6 5 7 12 19 9 11 11 9 15 13 10 5 10 9 15 8
4 10 5 11 8 8 7 13 10 11 17 9 6 5 10 15 16 14 16 10 15 12 7 14 5

<product switching cost>
1,1 0
1,2 7
1,3 11
1,4 11
2,1 3
2,2 0
2,3 5
2,4 9
3,1 6
3,2 11
3,3 0
3,4 8
4,1 5
4,2 3
4,3 5
4,4 0

<number of parts>
16

<optional frequency>
1 5
3 5
4 5
1 5
3 5
2 3
2 3
3 5
2 3
4 5
2 3
1 4
1 3
1 4
2 4
2 4

<product assembly parts>
8 7 0 3 0 6 0 2 7 1 1 3 6 0 0 7
6 1 0 3 0 3 0 0 0 4 0 6 1 7 4 0
5 0 0 0 8 0 4 1 8 6 1 0 0 6 0 0
0 0 8 0 4 6 8 7 6 0 7 6 3 0 0 3
