<number of products>
4

<product cycle>
1 6
2 2
3 3
4 9

<number of workstations>
24

<station length>
13 22 18 19 14 15 21 14 13 20 21 10 10 21 16 16 15 12 9 14 13 13 17 11
<working hours>
1 13 22 18 19 5 7 9 6 11 8 18 10 5 20 10 15 8 6 6 13 13 5 13 8
2 12 8 15 5 11 8 9 13 7 13 12 6 7 6 12 10 9 9 6 9 8 7 15 7
3 9 16 6 19 14 5 17 10 8 5 13 9 7 8 16 14 13 5 9 7 6 13 15 10
4 8 22 17 15 6 7 20 13 11 20 20 8 10 20 9 13 7 10 5 11 9 8 13 6

<product switching cost>
1,1 0
1,2 10
1,3 7
1,4 10
2,1 10
2,2 0
2,3 10
2,4 4
3,1 6
3,2 10
3,3 0
3,4 6
4,1 6
4,2 11
4,3 5
4,4 0

<number of parts>
14

<optional frequency>
3 5
2 3
2 4
3 5
2 3
1 4
1 5
2 3
3 4
2 4
2 5
2 5
1 5
2 5

<product assembly parts>
0 0 6 1 0 5 2 4 3 0 3 0 4 4
7 1 4 3 6 0 8 6 2 0 7 1 3 0
5 8 2 3 0 3 0 1 3 2 7 7 0 0
0 0 5 0 1 0 0 4 0 4 7 3 7 5
