<number of products>
4

<product cycle>
1 7
2 8
3 2
4 4

<number of workstations>
22

<station length>
15 16 18 19 12 16 15 21 10 13 20 18 21 13 19 17 19 9 13 9 10 13
<working hours>
1 12 11 13 16 7 6 11 8 8 8 12 11 8 6 6 16 15 8 13 8 7 6
2 9 14 5 6 8 16 11 18 5 9 13 18 17 10 17 5 8 7 7 6 7 10
3 5 7 11 18 10 5 9 16 6 9 9 9 6 7 8 5 14 5 9 9 6 11
4 8 8 11 6 8 12 10 19 10 8 6 15 8 10 11 8 5 6 11 6 7 11

<product switching cost>
1,1 0
1,2 4
1,3 11
1,4 5
2,1 11
2,2 0
2,3 9
2,4 10
3,1 3
3,2 8
3,3 0
3,4 9
4,1 4
4,2 9
4,3 4
4,4 0

<number of parts>
15

<optional frequency>
1 3
1 3
4 5
1 4
1 3
2 5
3 4
1 4
3 5
1 4
3 4
2 5
3 5
3 4
1 4

<product assembly parts>
0 8 2 0 2 0 7 7 4 8 5 3 5 0 3
8 5 0 2 7 8 5 6 2 2 0 5 2 4 0
5 2 0 0 3 5 0 0 3 8 0 1 4 5 0
7 1 3 0 8 5 0 2 0 7 8 4 5 7 0
