<number of products>
4

<product cycle>
1 2
2 5
3 6
4 5

<number of workstations>
28

<station length>
11 21 17 12 16 14 17 13 12 13 14 14 18 15 9 11 12 21 10 10 21 12 18 21 20 15 15 20
<working hours>
1 10 18 14 6 11 5 16 9 12 5 14 14 18 9 7 9 12 20 10 6 18 8 11 6 6 6 7 9
2 10 13 16 5 14 5 13 10 6 6 6 9 8 11 5 6 9 10 9 9 8 11 16 15 8 6 10 12
3 8 18 9 11 15 8 11 8 12 5 6 12 15 15 6 9 12 14 6 6 5 6 9 17 5 9 7 13
4 11 7 10 5 11 5 8 13 9 5 6 14 13 6 8 7 5 13 5 6 15 5 18 16 20 14 11 7

<product switching cost>
1,1 0
1,2 5
1,3 5
1,4 8
2,1 11
2,2 0
2,3 5
2,4 5
3,1 10
3,2 11
3,3 0
3,4 11
4,1 3
4,2 9
4,3 10
4,4 0

<number of parts>
16

<optional frequency>
4 5
2 3
1 3
2 5
1 5
1 5
2 5
1 4
2 3
2 3
1 4
2 3
2 3
3 4
4 5
4 5

<product assembly parts>
4 0 3 6 0 6 3 0 3 6 2 8 4 0 1 2
0 2 0 0 0 1 3 0 0 5 6 5 0 1 0 7
3 0 0 0 5 0 5 7 0 2 7 1 0 7 0 0
1 5 7 4 0 2 1 0 8 1 3 0 6 0 0 8
