<number of products>
4

<product cycle>
1 8
2 1
3 4
4 7

<number of workstations>
21

<station length>
17 18 17 17 15 9 10 20 9 12 15 20 9 12 16 15 10 16 9 16 12
<working hours>
1 6 18 17 8 9 9 9 12 9 10 8 18 7 8 11 14 6 5 6 13 12
2 16 15 15 6 12 5 6 15 8 9 7 5 5 10 12 11 9 9 6 6 5
3 16 17 8 10 7 9 7 5 8 11 13 14 9 7 16 5 5 10 8 14 6
4 7 12 16 7 12 9 8 16 9 7 15 5 7 5 14 13 5 11 6 11 7

<product switching cost>
1,1 0
1,2 5
1,3 3
1,4 4
2,1 6
2,2 0
2,3 9
2,4 4
3,1 11
3,2 12
3,3 0
3,4 11
4,1 11
4,2 3
4,3 6
4,4 0

<number of parts>
16

<optional frequency>
3 5
1 4
2 3
2 5
3 4
3 5
2 3
1 3
2 4
2 3
2 3
1 4
1 3
2 5
3 5
1 3

<product assembly parts>
3 0 3 1 8 0 7 3 0 4 0 5 3 0 0 0
3 0 5 5 0 0 0 0 6 5 7 7 7 4 4 3
4 0 0 3 0 5 8 0 0 0 0 1 2 8 1 0
0 0 0 6 6 1 3 7 8 6 3 0 8 1 4 3
