<number of products>
4

<product cycle>
1 3
2 5
3 8
4 8

<number of workstations>
22

<station length>
11 9 19 21 21 9 10 19 11 16 21 10 22 13 17 18 18 9 10 17 9 13
<working hours>
1 9 9 18 17 18 6 10 15 6 10 7 10 17 10 16 18 15 5 7 12 5 12
2 5 6 14 9 17 6 5 18 9 12 15 6 10 13 17 9 14 6 5 8 9 8
3 7 8 14 5 11 9 7 15 10 7 17 10 15 6 5 14 16 7 7 17 6 8
4 5 8 18 16 18 5 5 6 6 16 20 5 8 5 5 12 5 8 7 12 5 8

<product switching cost>
1,1 0
1,2 12
1,3 8
1,4 8
2,1 9
2,2 0
2,3 3
2,4 12
3,1 5
3,2 4
3,3 0
3,4 6
4,1 11
4,2 6
4,3 8
4,4 0

<number of parts>
16

<optional frequency>
2 3
1 3
1 3
1 3
2 4
3 4
1 5
2 4
1 4
1 3
2 5
4 5
1 4
2 4
3 4
2 4

<product assembly parts>
7 1 0 2 0 1 1 8 8 5 0 0 7 0 1 3
8 0 5 6 7 5 0 5 6 1 0 8 3 5 0 0
0 2 2 4 0 6 1 0 5 3 0 6 2 6 3 0
8 5 3 0 6 5 7 3 6 4 0 8 3 8 5 4
