<number of products>
4

<product cycle>
1 3
2 4
3 2
4 9

<number of workstations>
22

<station length>
13 14 12 20 21 15 18 14 16 21 22 16 9 14 12 10 12 19 19 12 20 11
<working hours>
1 7 11 11 13 6 12 9 8 13 15 5 5 8 13 12 7 12 14 6 10 5 8
2 5 6 5 13 7 7 14 10 6 12 6 6 7 6 7 10 7 19 10 8 8 9
3 13 11 6 16 8 6 12 6 13 15 15 5 9 13 7 9 5 15 5 9 14 7
4 5 6 5 12 6 10 17 6 11 6 20 6 5 5 9 10 8 14 12 6 14 9

<product switching cost>
1,1 0
1,2 11
1,3 8
1,4 11
2,1 8
2,2 0
2,3 7
2,4 11
3,1 9
3,2 6
3,3 0
3,4 4
4,1 5
4,2 8
4,3 3
4,4 0

<number of parts>
13

<optional frequency>
2 3
1 4
2 4
2 3
2 3
4 5
3 5
2 4
2 4
2 5
1 4
2 5
3 4

<product assembly parts>
5 6 5 8 8 0 0 8 3 2 5 4 0
0 8 8 0 0 7 7 0 0 2 0 0 0
0 2 5 0 7 0 0 0 7 6 4 0 8
1 2 8 4 0 0 3 0 6 6 3 1 2
