<number of products>
4

<product cycle>
1 1
2 2
3 6
4 2

<number of workstations>
29

<station length>
15 22 19 10 16 16 20 12 18 22 11 9 20 22 19 9 18 18 22 12 19 19 16 10 20 11 11 11 20
<working hours>
1 6 8 19 6 8 12 13 8 9 7 10 7 13 19 18 5 9 16 8 11 16 19 11 7 17 10 5 6 18
2 9 16 18 8 13 9 18 7 18 19 8 6 11 12 15 8 15 7 7 11 19 12 16 7 19 11 9 11 14
3 5 8 11 9 13 16 9 9 18 8 9 6 9 11 9 5 5 11 16 7 14 13 13 7 5 7 5 11 5
4 14 18 18 7 14 9 18 11 12 7 10 7 12 17 13 5 14 8 19 9 19 7 7 6 16 11 10 8 7

<product switching cost>
1,1 0
1,2 3
1,3 12
1,4 12
2,1 5
2,2 0
2,3 9
2,4 3
3,1 11
3,2 8
3,3 0
3,4 7
4,1 6
4,2 3
4,3 3
4,4 0

<number of parts>
16

<optional frequency>
1 3
3 4
2 3
4 5
4 5
2 3
4 5
2 4
2 3
1 3
2 5
2 5
2 3
1 3
4 5
1 4

<product assembly parts>
5 0 1 5 0 0 0 0 0 2 3 0 0 3 0 7
3 7 0 0 2 8 0 0 1 0 5 7 0 5 2 0
0 8 0 8 0 8 4 1 5 6 8 7 0 4 0 4
4 6 4 6 0 2 8 0 0 0 0 6 6 1 5 8
