<number of products>
4

<product cycle>
1 4
2 7
3 9
4 8

<number of workstations>
25

<station length>
21 12 22 15 12 12 15 15 20 16 16 20 10 14 16 18 17 9 20 14 12 10 12 18 21
<working hours>
1 20 5 10 10 11 8 12 6 8 12 11 7 9 13 5 17 17 8 9 10 8 10 8 12 11
2 9 8 18 14 10 5 12 11 7 8 16 14 7 8 5 14 15 7 19 11 8 8 11 6 14
3 12 6 13 12 11 9 10 5 7 6 12 18 6 8 16 7 15 7 17 5 7 5 5 7 5
4 20 6 5 15 9 5 15 13 17 16 7 12 10 12 7 18 16 8 15 14 12 7 12 8 10

<product switching cost>
1,1 0
1,2 6
1,3 9
1,4 9
2,1 3
2,2 0
2,3 12
2,4 10
3,1 5
3,2 3
3,3 0
3,4 12
4,1 10
4,2 4
4,3 11
4,4 0

<number of parts>
14

<optional frequency>
2 3
1 3
2 4
3 4
2 4
2 4
1 5
3 4
2 5
2 3
2 4
2 3
1 5
3 4

<product assembly parts>
7 2 2 2 0 4 0 6 4 4 3 5 8 5
0 1 1 0 4 1 0 7 5 4 0 0 0 0
1 5 7 0 0 5 6 6 3 0 7 3 5 4
0 0 5 0 3 0 8 0 0 6 5 4 6 6
