<number of products>
4

<product cycle>
1 7
2 1
3 1
4 1

<number of workstations>
23

<station length>
21 19 14 11 20 9 19 15 20 14 15 11 14 20 16 17 12 22 22 22 19 19 9
<working hours>
1 14 10 13 11 15 5 10 11 17 5 10 11 9 15 12 7 11 17 18 14 19 17 7
2 15 9 10 9 16 5 11 14 16 11 6 10 13 17 12 16 9 8 21 6 17 15 8
3 17 19 8 7 16 5 6 13 20 6 12 8 7 6 10 16 10 17 13 12 7 15 7
4 16 5 5 5 8 9 8 13 6 5 14 7 14 14 15 13 8 14 14 11 7 11 7

<product switching cost>
1,1 0
1,2 4
1,3 8
1,4 5
2,1 7
2,2 0
2,3 5
2,4 10
3,1 9
3,2 4
3,3 0
3,4 12
4,1 4
4,2 11
4,3 6
4,4 0

<number of parts>
16

<optional frequency>
4 5
1 3
2 3
1 4
1 3
3 5
1 3
1 5
3 4
1 3
2 5
2 4
1 5
4 5
1 5
2 4

<product assembly parts>
2 0 7 3 6 0 1 4 0 0 7 3 0 4 4 6
7 0 0 1 4 6 8 3 6 6 4 0 0 2 0 7
6 3 0 3 0 0 4 0 0 7 0 0 0 0 4 0
7 2 0 7 4 0 0 0 0 5 0 8 6 3 8 4
