<number of products>
4

<product cycle>
1 8
2 2
3 6
4 8

<number of workstations>
19

<station length>
21 11 20 15 13 12 15 15 17 12 19 20 20 16 10 12 19 13 13
<working hours>
1 15 11 18 10 5 7 15 9 6 10 10 8 12 14 6 10 5 12 5
2 5 5 6 9 12 5 14 8 17 11 18 15 7 13 10 5 12 9 5
3 16 8 20 8 9 11 8 6 8 11 17 5 19 5 7 8 8 11 9
4 16 7 5 7 5 10 15 5 16 10 16 18 6 16 9 8 19 13 13

<product switching cost>
1,1 0
1,2 11
1,3 9
1,4 10
2,1 5
2,2 0
2,3 3
2,4 10
3,1 4
3,2 4
3,3 0
3,4 8
4,1 6
4,2 7
4,3 9
4,4 0

<number of parts>
16

<optional frequency>
1 4
2 4
3 5
2 3
3 5
1 4
3 4
2 4
3 4
2 4
3 4
1 4
4 5
3 4
4 5
2 4

<product assembly parts>
4 7 0 5 1 8 5 5 0 0 0 7 0 8 2 0
0 3 4 8 0 6 7 0 3 7 6 0 7 7 7 5
0 5 1 0 1 1 0 7 0 2 0 7 0 0 5 6
8 0 0 1 8 7 6 0 1 4 6 1 4 6 1 1
