<number of products>
4

<product cycle>
1 2
2 6
3 6
4 6

<number of workstations>
22

<station length>
18 17 20 21 21 21 9 14 10 19 17 10 22 12 17 18 15 19 20 21 9 14
<working hours>
1 14 7 10 19 20 16 9 5 9 10 15 7 18 12 14 11 6 10 11 13 9 7
2 14 16 9 17 20 9 5 6 8 6 10 8 6 6 9 10 6 11 15 12 7 13
3 14 8 8 17 5 9 7 9 8 11 9 5 7 11 8 15 14 10 11 20 8 12
4 13 10 17 9 7 18 5 6 5 12 6 10 20 10 14 9 11 7 8 16 8 7

<product switching cost>
1,1 0
1,2 8
1,3 12
1,4 8
2,1 4
2,2 0
2,3 12
2,4 8
3,1 8
3,2 10
3,3 0
3,4 10
4,1 11
4,2 4
4,3 5
4,4 0

<number of parts>
13

<optional frequency>
1 3
2 5
4 5
1 5
2 3
2 3
2 4
2 5
3 5
1 5
1 4
2 5
1 4

<product assembly parts>
5 3 6 0 0 0 0 7 0 1 3 1 5
6 0 7 0 0 6 0 6 3 3 8 4 3
5 6 6 0 1 6 3 5 0 0 0 0 0
5 3 0 2 7 2 7 0 5 0 6 2 4
