<number of products>
4

<product cycle>
1 9
2 7
3 1
4 4

<number of workstations>
18

<station length>
20 22 13 18 21 17 20 14 21 16 21 16 12 12 11 12 17 21
<working hours>
1 7 17 8 10 14 16 7 6 17 15 11 13 12 11 7 9 14 21
2 15 18 9 11 7 10 16 8 12 6 7 6 8 7 5 8 10 16
3 9 16 10 11 19 14 8 13 10 15 10 8 12 6 6 7 9 5
4 14 20 10 15 9 7 12 13 14 9 12 9 12 10 10 10 17 14

<product switching cost>
1,1 0
1,2 7
1,3 5
1,4 6
2,1 11
2,2 0
2,3 10
2,4 5
3,1 12
3,2 6
3,3 0
3,4 8
4,1 9
4,2 9
4,3 10
4,4 0

<number of parts>
13

<optional frequency>
1 5
3 4
2 5
2 3
1 4
2 3
1 5
1 4
3 5
2 4
1 4
3 5
2 4

<product assembly parts>
2 1 1 2 0 0 0 0 0 5 1 7 0
3 0 3 7 5 2 0 5 1 3 6 7 0
0 0 3 8 3 1 0 0 1 0 5 8 0
2 0 7 7 0 2 0 0 0 5 0 0 6
