<number of products>
4

<product cycle>
1 1
2 2
3 6
4 8

<number of workstations>
22

<station length>
22 17 13 14 19 17 20 22 10 15 9 13 16 20 20 18 10 22 19 11 14 22
<working hours>
1 16 9 13 6 12 7 6 9 8 8 6 8 13 12 12 15 10 20 5 6 9 19
2 9 5 12 8 13 17 18 15 9 11 8 10 5 19 16 9 9 5 17 11 10 6
3 19 6 8 5 6 5 18 12 9 15 6 6 10 9 15 9 10 20 18 6 11 14
4 14 6 9 8 12 14 7 6 7 5 5 9 8 13 17 15 5 17 6 9 10 11

<product switching cost>
1,1 0
1,2 6
1,3 5
1,4 5
2,1 6
2,2 0
2,3 9
2,4 12
3,1 9
3,2 9
3,3 0
3,4 4
4,1 7
4,2 5
4,3 6
4,4 0

<number of parts>
16

<optional frequency>
1 4
1 4
2 4
1 5
1 4
4 5
2 3
1 4
2 4
1 3
1 3
1 4
2 3
2 3
4 5
1 3

<product assembly parts>
1 2 4 8 5 6 6 5 0 0 7 0 0 0 5 3
6 0 7 0 7 2 0 1 1 8 0 7 1 3 0 7
0 0 1 0 6 0 6 0 4 0 2 1 2 8 0 7
0 1 0 2 5 8 2 0 0 0 0 5 4 5 4 0
