<number of products>
4

<product cycle>
1 8
2 8
3 9
4 4

<number of workstations>
24

<station length>
15 17 16 18 11 17 12 22 22 16 17 16 18 12 19 12 13 9 12 11 13 12 17 11
<working hours>
1 14 5 5 10 7 11 12 16 16 10 15 9 18 7 19 11 11 6 5 7 13 6 13 9
2 10 11 8 14 7 9 6 20 21 8 17 14 14 12 10 12 13 9 5 6 11 5 7 5
3 5 6 14 15 6 7 6 11 16 8 11 16 6 7 11 10 6 7 7 5 7 7 7 6
4 11 11 14 12 8 7 9 12 5 10 5 6 9 9 11 12 6 5 9 8 6 6 12 7

<product switching cost>
1,1 0
1,2 10
1,3 10
1,4 11
2,1 6
2,2 0
2,3 10
2,4 3
3,1 5
3,2 9
3,3 0
3,4 11
4,1 6
4,2 4
4,3 5
4,4 0

<number of parts>
14

<optional frequency>
2 3
1 3
2 4
1 4
2 5
4 5
2 4
2 4
1 4
2 4
2 3
1 5
1 3
2 3

<product assembly parts>
0 2 1 0 6 2 7 7 7 0 2 4 0 8
0 3 3 7 4 0 5 7 6 7 6 1 0 0
7 5 6 6 6 5 0 5 0 4 6 0 1 4
1 5 0 7 0 8 1 3 4 0 0 0 0 7
