<number of products>
4

<product cycle>
1 7
2 5
3 9
4 3

<number of workstations>
21

<station length>
20 18 11 9 14 19 19 14 18 20 21 18 9 12 22 20 15 12 10 17 10
<working hours>
1 11 12 10 6 12 10 14 10 11 17 18 12 9 8 15 15 14 12 9 11 8
2 9 12 6 9 9 15 18 11 10 20 18 14 8 11 9 8 6 5 6 9 6
3 6 6 6 6 8 19 11 10 17 11 17 6 6 11 11 19 14 5 10 10 7
4 7 18 5 9 7 6 15 6 6 8 12 13 7 7 13 9 8 7 5 10 8

<product switching cost>
1,1 0
1,2 11
1,3 9
1,4 10
2,1 6
2,2 0
2,3 9
2,4 10
3,1 3
3,2 9
3,3 0
3,4 10
4,1 10
4,2 7
4,3 9
4,4 0

<number of parts>
15

<optional frequency>
1 5
2 5
1 3
1 4
1 4
2 3
2 4
4 5
1 5
1 3
1 3
2 3
4 5
1 3
2 3

<product assembly parts>
0 4 7 0 8 1 4 8 3 0 4 0 5 1 4
5 6 0 5 6 5 0 1 6 5 7 0 5 0 3
0 0 0 0 1 8 5 0 0 0 0 1 4 0 0
6 2 0 0 4 2 0 6 5 1 1 1 3 6 0
