<number of products>
4

<product cycle>
1 2
2 4
3 1
4 9

<number of workstations>
27

<station length>
19 19 10 14 20 13 12 22 10 10 16 17 21 14 19 20 14 11 17 16 12 12 14 16 15 14 16
<working hours>
1 15 15 8 6 14 10 10 16 9 5 8 17 11 12 11 9 7 5 14 10 9 10 7 10 6 5 15
2 11 6 7 13 19 12 10 7 8 9 5 17 11 10 19 15 5 11 13 12 5 9 7 14 5 5 5
3 10 11 5 6 11 6 7 13 8 6 10 13 13 13 18 10 5 11 5 8 10 8 7 16 11 12 15
4 13 17 6 5 19 8 5 9 5 10 5 13 18 14 16 14 10 5 17 16 10 8 8 15 5 11 6

<product switching cost>
1,1 0
1,2 12
1,3 12
1,4 8
2,1 8
2,2 0
2,3 7
2,4 10
3,1 11
3,2 10
3,3 0
3,4 8
4,1 8
4,2 9
4,3 6
4,4 0

<number of parts>
15

<optional frequency>
1 3
2 4
3 4
1 3
4 5
1 3
1 3
3 5
3 4
1 5
2 5
3 4
1 3
2 3
2 5

<product assembly parts>
0 0 7 5 8 6 3 5 1 0 6 1 6 6 5
4 3 0 1 1 0 3 6 0 6 8 1 5 0 7
5 6 6 1 0 1 5 8 7 0 8 5 5 0 7
0 4 6 0 4 8 7 0 7 5 6 2 7 7 2
