<number of products>
4

<product cycle>
1 3
2 3
3 5
4 3

<number of workstations>
21

<station length>
15 20 21 17 15 14 9 21 18 20 22 16 18 14 16 21 10 11 14 10 9
<working hours>
1 14 7 16 15 9 8 9 17 15 18 12 14 8 14 14 14 7 9 7 5 8
2 10 12 17 11 5 6 9 15 7 18 5 7 16 8 5 15 5 5 12 7 7
3 6 5 16 16 12 13 8 10 14 5 20 13 13 8 13 20 5 6 6 10 6
4 7 13 18 12 9 9 6 5 12 17 19 10 15 14 11 6 10 7 10 7 5

<product switching cost>
1,1 0
1,2 6
1,3 5
1,4 7
2,1 3
2,2 0
2,3 12
2,4 12
3,1 3
3,2 10
3,3 0
3,4 9
4,1 4
4,2 12
4,3 3
4,4 0

<number of parts>
13

<optional frequency>
2 3
2 4
1 4
2 3
2 3
2 3
4 5
1 3
3 4
2 3
2 5
2 5
2 4

<product assembly parts>
3 4 2 0 4 0 7 0 3 5 6 4 7
7 5 0 3 6 2 8 0 7 4 3 8 7
5 8 2 5 3 7 2 0 0 0 0 6 5
0 1 4 0 3 2 7 4 4 5 0 5 0
