<number of products>
4

<product cycle>
1 9
2 6
3 5
4 5

<number of workstations>
24

<station length>
10 11 14 18 14 17 21 22 12 22 20 21 10 16 9 17 17 21 18 22 21 11 18 11
<working hours>
1 7 8 6 15 11 13 13 5 9 8 11 16 7 13 9 5 6 21 15 10 9 6 11 9
2 9 11 12 12 12 16 14 9 11 19 8 11 10 11 9 12 9 19 7 6 20 6 11 11
3 7 8 5 8 8 16 14 5 11 18 5 7 5 12 5 12 5 9 6 15 8 7 15 11
4 10 9 10 9 8 11 11 6 10 5 7 9 6 15 5 8 12 17 12 15 15 5 18 11

<product switching cost>
1,1 0
1,2 4
1,3 8
1,4 7
2,1 6
2,2 0
2,3 4
2,4 9
3,1 5
3,2 7
3,3 0
3,4 5
4,1 3
4,2 5
4,3 6
4,4 0

<number of parts>
14

<optional frequency>
2 4
4 5
1 4
3 5
2 3
4 5
2 3
4 5
4 5
4 5
2 3
1 3
1 5
3 5

<product assembly parts>
0 0 8 0 5 1 1 6 5 0 2 7 0 2
0 1 7 0 0 7 0 0 0 5 3 3 5 2
4 3 4 0 0 0 2 8 1 0 8 1 7 1
8 0 7 0 7 0 0 0 0 5 8 1 6 4
