<number of products>
4

<product cycle>
1 7
2 6
3 9
4 2

<number of workstations>
21

<station length>
9 17 20 19 10 19 14 21 12 14 11 17 22 15 22 12 20 17 14 20 17
<working hours>
1 6 8 13 15 8 19 8 21 5 9 11 15 13 11 18 11 15 8 13 16 6
2 8 11 10 19 7 15 5 21 11 9 5 16 18 9 16 11 14 10 14 11 10
3 7 11 13 13 10 6 13 13 10 13 8 8 13 14 22 9 13 15 6 10 11
4 8 6 7 14 6 14 9 15 10 9 6 12 18 14 7 8 16 17 12 7 12

<product switching cost>
1,1 0
1,2 5
1,3 4
1,4 7
2,1 9
2,2 0
2,3 11
2,4 3
3,1 5
3,2 4
3,3 0
3,4 8
4,1 9
4,2 8
4,3 9
4,4 0

<number of parts>
15

<optional frequency>
3 5
2 3
2 5
1 4
2 3
2 5
1 3
2 3
2 5
2 3
3 5
1 3
3 4
1 3
1 4

<product assembly parts>
0 4 6 0 0 7 1 1 4 5 7 8 5 3 0
3 3 0 5 3 6 6 6 0 1 3 8 7 5 0
1 0 2 0 6 0 5 3 0 2 5 8 0 0 2
7 4 0 0 2 0 0 1 7 0 0 6 0 8 7
