<number of products>
4

<product cycle>
1 3
2 1
3 4
4 3

<number of workstations>
22

<station length>
14 14 18 17 20 20 10 22 13 11 18 18 22 19 11 13 15 11 17 13 14 9
<working hours>
1 9 11 15 6 10 17 7 16 11 11 5 11 14 12 9 11 11 9 5 13 7 9
2 7 11 5 11 14 16 7 9 13 7 6 18 11 9 7 13 8 10 15 7 6 6
3 9 5 10 12 15 14 6 5 8 8 14 12 14 11 11 9 9 10 17 13 11 6
4 12 13 5 11 6 14 7 13 7 6 13 7 15 8 11 11 9 11 6 13 7 9

<product switching cost>
1,1 0
1,2 11
1,3 5
1,4 9
2,1 3
2,2 0
2,3 3
2,4 7
3,1 5
3,2 5
3,3 0
3,4 3
4,1 9
4,2 3
4,3 9
4,4 0

<number of parts>
13

<optional frequency>
4 5
2 5
4 5
2 4
1 3
2 3
2 3
2 3
2 5
1 4
2 3
1 5
1 3

<product assembly parts>
0 0 3 0 0 0 5 0 3 0 8 5 5
0 0 0 0 4 0 2 5 2 1 6 0 0
3 0 0 0 0 1 2 0 4 0 3 2 8
4 5 0 1 7 0 8 8 0 8 8 0 0
