<number of products>
4

<product cycle>
1 1
2 8
3 9
4 9

<number of workstations>
23

<station length>
14 9 22 10 14 14 21 15 18 18 19 12 22 11 18 11 19 18 18 19 15 13 9
<working hours>
1 7 5 15 7 14 9 8 8 14 11 12 8 14 10 17 8 13 10 7 15 11 11 7
2 14 5 22 10 11 6 14 8 17 12 16 9 11 5 17 7 15 5 14 17 10 9 7
3 10 6 8 8 11 6 21 9 17 11 19 7 6 6 13 8 6 7 14 17 13 13 8
4 12 6 9 5 11 8 18 12 13 13 9 9 8 10 8 11 8 10 18 14 9 11 7

<product switching cost>
1,1 0
1,2 11
1,3 6
1,4 4
2,1 10
2,2 0
2,3 10
2,4 4
3,1 6
3,2 10
3,3 0
3,4 8
4,1 4
4,2 9
4,3 7
4,4 0

<number of parts>
16

<optional frequency>
1 3
2 3
2 4
1 3
1 4
1 4
1 4
1 3
2 4
2 4
1 3
2 5
1 3
3 5
1 3
3 5

<product assembly parts>
5 6 2 4 5 4 5 0 0 0 0 8 3 6 0 3
0 6 2 1 5 0 0 5 3 0 0 8 8 0 0 7
1 5 5 6 6 3 0 3 3 0 0 0 2 4 0 4
0 3 8 0 0 6 5 6 0 1 3 0 0 1 4 8
