<number of products>
4

<product cycle>
1 5
2 9
3 1
4 9

<number of workstations>
26

<station length>
11 13 16 17 18 21 16 11 20 13 22 20 15 15 22 9 20 12 18 13 17 15 19 10 15 12
<working hours>
1 10 7 11 13 15 15 14 8 13 5 7 7 11 10 17 8 14 10 18 8 15 9 14 7 13 11
2 10 6 12 5 15 12 16 7 17 7 9 9 14 11 5 7 17 7 15 5 12 10 19 9 15 11
3 9 13 5 17 5 9 10 11 15 13 15 12 15 10 14 9 12 7 15 6 7 12 19 6 15 12
4 6 13 5 15 14 14 10 10 16 10 22 17 15 5 18 7 8 6 17 6 17 14 5 6 12 7

<product switching cost>
1,1 0
1,2 4
1,3 3
1,4 10
2,1 6
2,2 0
2,3 5
2,4 3
3,1 3
3,2 5
3,3 0
3,4 3
4,1 12
4,2 11
4,3 6
4,4 0

<number of parts>
15

<optional frequency>
2 4
4 5
1 4
1 5
2 3
4 5
2 5
3 5
1 3
1 3
4 5
1 3
2 3
1 4
1 4

<product assembly parts>
0 8 4 1 2 2 7 1 2 6 7 2 4 7 0
0 8 4 2 6 1 0 1 4 1 5 1 2 0 5
3 0 0 0 8 0 0 1 0 0 0 0 5 2 1
0 5 0 0 2 3 2 0 0 5 8 3 3 0 8
