<number of products>
4

<product cycle>
1 1
2 3
3 8
4 4

<number of workstations>
22

<station length>
15 14 11 19 16 11 16 18 21 16 11 15 14 21 16 20 19 18 15 15 11 17
<working hours>
1 7 8 8 8 7 6 11 6 10 14 11 13 12 17 16 8 17 7 14 13 9 13
2 7 10 9 6 10 9 6 14 11 13 11 12 12 18 9 18 5 12 5 10 9 16
3 8 14 7 7 11 5 10 7 16 15 11 5 7 8 6 9 5 6 8 13 9 13
4 14 6 9 12 7 7 9 14 6 14 9 5 7 18 11 8 6 14 15 10 8 5

<product switching cost>
1,1 0
1,2 12
1,3 8
1,4 10
2,1 10
2,2 0
2,3 7
2,4 12
3,1 5
3,2 9
3,3 0
3,4 3
4,1 4
4,2 11
4,3 8
4,4 0

<number of parts>
14

<optional frequency>
1 5
1 4
1 3
4 5
3 4
2 5
2 3
2 5
1 3
3 4
2 4
1 3
2 3
3 4

<product assembly parts>
3 8 0 7 5 7 6 6 3 8 1 2 6 4
1 6 0 0 3 5 4 0 0 2 0 5 0 1
8 0 8 3 3 0 1 2 7 0 7 0 6 7
0 3 2 0 0 0 0 8 1 3 3 1 0 0
