<number of products>
4

<product cycle>
1 6
2 4
3 2
4 3

<number of workstations>
30

<station length>
21 14 19 16 18 10 11 16 22 20 13 11 22 17 15 14 10 16 10 19 17 17 9 18 15 20 15 16 10 17
<working hours>
1 19 8 15 8 6 7 10 14 8 15 7 6 18 16 15 10 6 7 7 5 7 11 6 8 10 18 9 12 6 9
2 10 13 7 16 7 10 6 12 19 19 12 11 13 16 13 13 6 15 9 17 8 7 5 18 15 15 12 6 5 16
3 20 14 13 15 18 9 7 7 6 5 5 9 6 9 14 6 10 11 9 5 10 9 5 9 11 6 12 15 8 5
4 20 7 15 15 9 7 8 10 22 19 11 5 19 9 8 6 8 6 7 12 6 5 5 13 9 19 10 6 10 10

<product switching cost>
1,1 0
1,2 11
1,3 11
1,4 11
2,1 6
2,2 0
2,3 6
2,4 10
3,1 3
3,2 6
3,3 0
3,4 12
4,1 6
4,2 7
4,3 6
4,4 0

<number of parts>
16

<optional frequency>
2 3
2 3
1 5
3 5
3 5
3 4
1 5
4 5
2 3
1 4
3 5
4 5
1 3
3 4
2 4
1 4

<product assembly parts>
4 3 4 3 0 0 6 6 4 1 8 2 2 0 3 0
2 3 7 8 0 6 3 0 0 1 0 8 6 4 4 1
3 2 6 4 7 8 1 7 4 0 4 7 3 0 2 5
0 0 8 0 0 5 4 2 2 3 6 7 0 1 0 3
