<number of products>
4

<product cycle>
1 7
2 6
3 8
4 4

<number of workstations>
30

<station length>
20 20 16 22 19 19 11 20 17 9 21 14 19 17 18 15 10 21 12 13 9 15 22 13 22 17 9 10 17 11
<working hours>
1 13 12 10 11 12 9 10 8 6 8 14 9 13 16 5 12 8 12 9 12 5 6 20 9 6 5 6 9 10 9
2 11 10 6 18 5 19 9 7 14 9 12 10 5 10 13 6 8 10 8 8 8 6 18 7 19 5 9 7 12 5
3 17 18 9 19 11 13 9 12 8 6 12 13 19 16 15 13 8 16 11 7 8 11 10 13 14 17 9 9 9 8
4 20 9 15 22 16 17 6 7 11 7 19 14 10 6 6 12 8 18 8 9 8 6 17 9 19 8 9 8 6 11

<product switching cost>
1,1 0
1,2 6
1,3 4
1,4 5
2,1 11
2,2 0
2,3 10
2,4 7
3,1 7
3,2 12
3,3 0
3,4 10
4,1 9
4,2 10
4,3 4
4,4 0

<number of parts>
15

<optional frequency>
2 3
2 5
4 5
2 4
3 4
2 5
2 4
3 4
1 5
2 5
3 4
1 3
1 3
1 3
1 4

<product assembly parts>
7 6 6 0 0 7 4 0 0 8 4 7 0 8 7
7 2 5 0 4 0 8 3 7 0 0 0 7 1 0
2 7 3 4 0 6 0 6 0 8 5 2 4 2 0
7 7 6 0 7 7 7 6 4 7 8 5 6 4 7
