<number of products>
4

<product cycle>
1 3
2 6
3 9
4 3

<number of workstations>
21

<station length>
15 10 14 9 11 16 11 13 14 15 10 22 19 19 9 11 19 18 10 15 14
<working hours>
1 13 9 14 7 7 13 9 11 11 8 5 20 10 18 6 7 12 9 9 15 14
2 11 7 10 9 6 14 11 10 12 10 7 16 19 12 7 10 17 6 7 11 10
3 13 9 11 6 9 7 7 9 9 13 6 21 11 17 8 6 8 16 5 7 7
4 6 8 11 7 5 14 10 13 11 11 5 14 19 6 6 7 16 16 6 9 6

<product switching cost>
1,1 0
1,2 7
1,3 7
1,4 9
2,1 12
2,2 0
2,3 12
2,4 10
3,1 5
3,2 8
3,3 0
3,4 3
4,1 8
4,2 12
4,3 12
4,4 0

<number of parts>
14

<optional frequency>
2 3
1 3
3 4
2 3
2 4
2 5
1 3
2 4
3 4
2 5
2 4
4 5
2 4
2 3

<product assembly parts>
0 1 0 5 0 3 3 4 5 0 1 0 0 6
1 2 4 3 0 7 2 3 0 7 0 1 0 4
0 7 6 8 6 4 4 7 3 0 2 6 8 4
0 0 7 6 5 4 7 5 0 7 3 1 0 4
