<number of products>
4

<product cycle>
1 4
2 3
3 1
4 7

<number of workstations>
30

<station length>
15 13 12 15 21 20 17 22 20 16 18 15 21 19 14 16 20 14 17 15 11 15 21 19 18 16 14 10 20 13
<working hours>
1 14 6 11 7 8 15 12 20 18 11 18 5 12 13 10 15 8 6 7 5 10 9 7 17 10 7 10 10 10 13
2 10 8 6 7 8 7 5 19 13 15 15 7 10 9 10 14 7 8 13 7 8 14 11 10 10 10 9 6 8 5
3 14 12 10 9 21 13 7 21 18 6 8 10 20 13 14 10 8 10 16 6 8 11 18 10 13 13 10 10 12 6
4 5 7 11 5 9 11 7 20 7 13 11 5 17 17 9 12 10 7 17 10 6 5 10 8 12 11 10 8 18 5

<product switching cost>
1,1 0
1,2 3
1,3 6
1,4 5
2,1 9
2,2 0
2,3 6
2,4 3
3,1 3
3,2 6
3,3 0
3,4 10
4,1 9
4,2 3
4,3 10
4,4 0

<number of parts>
16

<optional frequency>
2 4
1 3
4 5
1 3
2 4
1 3
1 3
1 4
2 4
1 3
1 3
1 4
1 4
2 5
2 4
3 4

<product assembly parts>
1 0 0 5 3 7 6 0 0 7 1 4 5 5 5 7
8 3 0 7 0 0 5 5 8 3 0 1 0 0 1 0
4 0 2 6 5 0 2 1 8 5 2 7 8 1 5 0
0 6 0 7 7 0 4 4 3 0 7 6 8 0 6 2
