<number of products>
4

<product cycle>
1 7
2 5
3 8
4 9

<number of workstations>
21

<station length>
12 22 18 18 21 11 17 16 22 12 19 20 15 17 20 11 13 20 12 21 12
<working hours>
1 12 11 11 5 7 8 7 9 22 7 14 19 6 9 6 7 5 7 11 13 5
2 5 19 13 12 9 5 17 16 15 12 6 8 15 17 20 8 7 20 12 8 8
3 6 8 9 13 13 9 17 5 22 12 15 9 5 9 12 8 11 17 10 11 7
4 5 15 17 16 12 8 14 10 9 9 11 10 6 17 19 9 6 13 9 14 10

<product switching cost>
1,1 0
1,2 8
1,3 7
1,4 8
2,1 9
2,2 0
2,3 3
2,4 6
3,1 5
3,2 9
3,3 0
3,4 3
4,1 11
4,2 8
4,3 9
4,4 0

<number of parts>
15

<optional frequency>
1 3
4 5
1 5
3 4
2 3
2 5
2 3
3 4
1 3
4 5
2 4
3 4
2 4
2 4
1 5

<product assembly parts>
0 4 0 5 7 5 0 3 4 8 4 6 1 3 4
0 0 0 5 8 3 7 0 0 0 0 4 6 0 2
4 4 3 0 4 0 1 5 0 0 5 0 5 0 0
1 5 2 2 4 0 0 7 6 0 5 1 3 0 0
