<number of products>
4

<product cycle>
1 9
2 8
3 6
4 2

<number of workstations>
26

<station length>
9 13 20 21 12 18 16 14 11 13 11 21 17 11 9 9 9 9 12 19 13 15 17 15 18 20
<working hours>
1 8 10 17 9 5 18 8 13 10 8 11 5 9 6 6 5 7 5 9 11 8 5 14 14 11 15
2 8 11 5 19 11 11 9 5 8 8 6 18 9 10 6 8 8 5 5 8 10 5 13 10 15 6
3 7 12 16 6 12 17 9 8 8 11 8 17 8 10 8 5 5 5 9 6 13 5 8 5 13 9
4 6 7 15 19 9 7 7 14 11 13 10 8 16 5 8 5 7 7 11 6 5 15 16 13 8 10

<product switching cost>
1,1 0
1,2 4
1,3 3
1,4 9
2,1 7
2,2 0
2,3 10
2,4 4
3,1 12
3,2 9
3,3 0
3,4 12
4,1 6
4,2 3
4,3 10
4,4 0

<number of parts>
16

<optional frequency>
1 4
2 3
2 5
2 3
2 4
4 5
2 5
1 3
2 3
2 5
3 4
3 5
3 4
3 4
2 3
2 3

<product assembly parts>
0 3 0 4 6 0 7 0 0 0 3 7 7 3 7 0
1 6 0 2 4 0 0 5 0 2 1 8 5 0 6 4
3 6 3 3 3 0 0 7 2 6 6 8 2 4 0 0
0 7 4 4 0 8 1 1 0 4 8 0 4 2 2 5
