<number of products>
4

<product cycle>
1 4
2 1
3 5
4 2

<number of workstations>
30

<station length>
16 11 15 16 12 22 10 21 15 14 14 12 11 22 11 12 20 10 10 14 14 17 11 12 19 10 20 9 17 9
<working hours>
1 7 6 10 7 9 7 9 8 11 5 14 10 5 17 7 11 9 8 6 6 13 8 5 7 5 8 6 6 9 6
2 14 9 13 9 12 13 9 6 12 9 7 10 5 11 9 11 10 10 9 13 8 8 11 8 14 7 8 7 10 6
3 7 11 11 7 10 9 6 20 14 13 5 7 9 15 7 7 20 8 8 13 9 5 11 9 15 8 11 7 10 8
4 8 11 12 15 8 13 5 18 12 12 7 7 5 21 5 8 8 6 6 14 14 15 11 5 6 6 10 6 8 7

<product switching cost>
1,1 0
1,2 3
1,3 4
1,4 10
2,1 3
2,2 0
2,3 8
2,4 3
3,1 3
3,2 7
3,3 0
3,4 6
4,1 9
4,2 6
4,3 5
4,4 0

<number of parts>
13

<optional frequency>
1 3
3 4
1 3
4 5
1 4
2 5
2 4
2 3
1 4
2 5
3 5
3 5
2 4

<product assembly parts>
0 7 6 4 2 0 7 1 0 4 0 0 0
0 3 0 3 5 8 8 4 7 1 5 5 7
8 0 0 7 7 3 2 6 0 0 8 0 0
0 8 0 5 0 0 0 2 1 0 2 0 0
