<number of products>
4

<product cycle>
1 7
2 7
3 2
4 3

<number of workstations>
27

<station length>
14 17 9 15 20 18 10 9 20 18 15 15 11 10 12 14 10 18 20 18 14 9 11 22 11 9 10
<working hours>
1 6 12 9 15 5 10 6 5 8 14 9 9 5 10 5 13 9 14 20 16 12 7 10 10 11 8 9
2 9 10 8 14 16 18 5 6 12 12 10 14 11 8 5 11 5 8 9 5 7 8 9 10 7 9 10
3 11 8 5 14 13 5 5 6 10 5 12 11 10 6 5 5 9 18 5 9 11 5 9 21 5 6 7
4 6 10 6 10 18 6 8 8 17 5 7 11 6 5 10 14 5 11 19 8 7 8 6 11 5 5 10

<product switching cost>
1,1 0
1,2 4
1,3 4
1,4 12
2,1 8
2,2 0
2,3 12
2,4 7
3,1 3
3,2 11
3,3 0
3,4 6
4,1 12
4,2 4
4,3 8
4,4 0

<number of parts>
12

<optional frequency>
3 4
4 5
1 3
1 3
2 3
1 4
1 3
3 4
2 3
1 4
1 3
1 3

<product assembly parts>
0 0 4 6 0 7 0 0 4 1 1 6
0 1 0 1 7 3 4 0 1 0 2 3
6 0 8 4 5 3 5 4 7 3 7 0
0 8 0 5 3 2 0 7 5 0 5 0
